------------- 
BUBBLE_SORT
Vetor utilizado: [39, 47, 29, 59, 56, 84, 16, 49, 53, 60, 25, 58, 85, 27, 26, 18, 38, 7, 69, 72, 28, 63, 57, 52, 15, 44, 20, 11, 83, 87, 50, 12, 13, 32, 89, 68, 90, 43, 9, 76, 99, 71, 33, 80, 77, 91, 98, 61, 75, 31, 4, 21, 95, 96, 79, 92, 93, 5, 22, 36, 48, 6, 23, 46, 55, 86, 17, 24, 0, 42, 64, 2, 3, 66, 41, 45, 74, 34, 67, 82, 81, 54, 40, 8, 10, 65, 62, 37, 14, 1, 19, 73, 88, 30, 70, 97, 94, 51, 35, 78]
Tamanho do vetor: 100

Tempo inicial: 2017-04-26T19:59:21.849Z
Tempo final: 2017-04-26T19:59:21.849Z
Tempo total: 0

ORDENADO: [0, 1, 2, 3, 4, 5, 6, 7, 8, 9, 10, 11, 12, 13, 14, 15, 16, 17, 18, 19, 20, 21, 22, 23, 24, 25, 26, 27, 28, 29, 30, 31, 32, 33, 34, 35, 36, 37, 38, 39, 40, 41, 42, 43, 44, 45, 46, 47, 48, 49, 50, 51, 52, 53, 54, 55, 56, 57, 58, 59, 60, 61, 62, 63, 64, 65, 66, 67, 68, 69, 70, 71, 72, 73, 74, 75, 76, 77, 78, 79, 80, 81, 82, 83, 84, 85, 86, 87, 88, 89, 90, 91, 92, 93, 94, 95, 96, 97, 98, 99]

------------- 
BUBBLE_SORT
Vetor utilizado: [86, 4, 2, 14, 13, 80, 1, 7, 74, 59, 10, 79, 50, 96, 98, 34, 20, 89, 94, 78, 73, 87, 64, 82, 54, 44, 70, 81, 0, 22, 17, 77, 72, 85, 26, 76, 60, 49, 53, 47, 29, 5, 27, 23, 35, 75, 61, 52, 41, 69, 6, 42, 48, 43, 15, 8, 63, 19, 84, 57, 92, 67, 12, 95, 71, 62, 11, 24, 58, 33, 55, 30, 45, 31, 97, 90, 37, 46, 91, 16, 25, 68, 9, 66, 3, 56, 93, 38, 83, 28, 32, 21, 88, 18, 40, 99, 51, 39, 65, 36]
Tamanho do vetor: 100

Tempo inicial: 2017-04-26T19:59:21.850Z
Tempo final: 2017-04-26T19:59:21.851Z
Tempo total: 1

ORDENADO: [0, 1, 2, 3, 4, 5, 6, 7, 8, 9, 10, 11, 12, 13, 14, 15, 16, 17, 18, 19, 20, 21, 22, 23, 24, 25, 26, 27, 28, 29, 30, 31, 32, 33, 34, 35, 36, 37, 38, 39, 40, 41, 42, 43, 44, 45, 46, 47, 48, 49, 50, 51, 52, 53, 54, 55, 56, 57, 58, 59, 60, 61, 62, 63, 64, 65, 66, 67, 68, 69, 70, 71, 72, 73, 74, 75, 76, 77, 78, 79, 80, 81, 82, 83, 84, 85, 86, 87, 88, 89, 90, 91, 92, 93, 94, 95, 96, 97, 98, 99]

------------- 
BUBBLE_SORT
Vetor utilizado: [85, 53, 46, 69, 41, 33, 45, 74, 24, 43, 31, 78, 12, 2, 66, 6, 99, 50, 9, 30, 83, 75, 55, 80, 52, 95, 88, 27, 10, 8, 44, 63, 26, 48, 77, 98, 22, 97, 42, 16, 20, 7, 1, 23, 96, 32, 60, 0, 94, 73, 84, 58, 70, 67, 13, 82, 86, 62, 54, 61, 93, 71, 11, 79, 5, 18, 90, 87, 37, 76, 36, 14, 51, 92, 28, 64, 56, 39, 57, 68, 35, 81, 89, 25, 29, 47, 4, 17, 49, 34, 21, 59, 38, 19, 15, 40, 72, 3, 91, 65]
Tamanho do vetor: 100

Tempo inicial: 2017-04-26T19:59:21.852Z
Tempo final: 2017-04-26T19:59:21.852Z
Tempo total: 0

ORDENADO: [0, 1, 2, 3, 4, 5, 6, 7, 8, 9, 10, 11, 12, 13, 14, 15, 16, 17, 18, 19, 20, 21, 22, 23, 24, 25, 26, 27, 28, 29, 30, 31, 32, 33, 34, 35, 36, 37, 38, 39, 40, 41, 42, 43, 44, 45, 46, 47, 48, 49, 50, 51, 52, 53, 54, 55, 56, 57, 58, 59, 60, 61, 62, 63, 64, 65, 66, 67, 68, 69, 70, 71, 72, 73, 74, 75, 76, 77, 78, 79, 80, 81, 82, 83, 84, 85, 86, 87, 88, 89, 90, 91, 92, 93, 94, 95, 96, 97, 98, 99]

------------- 
BUBBLE_SORT
Vetor utilizado: [51, 75, 67, 49, 98, 15, 16, 20, 1, 57, 46, 80, 96, 79, 29, 94, 18, 99, 41, 47, 17, 4, 58, 63, 21, 22, 87, 55, 91, 64, 70, 52, 5, 37, 65, 84, 97, 8, 50, 35, 26, 90, 25, 11, 2, 44, 73, 43, 74, 33, 9, 77, 39, 40, 34, 24, 71, 45, 72, 56, 62, 13, 78, 59, 3, 86, 30, 27, 38, 76, 19, 23, 93, 85, 0, 32, 92, 31, 95, 42, 6, 14, 48, 10, 83, 53, 89, 82, 12, 54, 81, 61, 7, 66, 69, 88, 68, 36, 60, 28]
Tamanho do vetor: 100

Tempo inicial: 2017-04-26T19:59:21.853Z
Tempo final: 2017-04-26T19:59:21.854Z
Tempo total: 1

ORDENADO: [0, 1, 2, 3, 4, 5, 6, 7, 8, 9, 10, 11, 12, 13, 14, 15, 16, 17, 18, 19, 20, 21, 22, 23, 24, 25, 26, 27, 28, 29, 30, 31, 32, 33, 34, 35, 36, 37, 38, 39, 40, 41, 42, 43, 44, 45, 46, 47, 48, 49, 50, 51, 52, 53, 54, 55, 56, 57, 58, 59, 60, 61, 62, 63, 64, 65, 66, 67, 68, 69, 70, 71, 72, 73, 74, 75, 76, 77, 78, 79, 80, 81, 82, 83, 84, 85, 86, 87, 88, 89, 90, 91, 92, 93, 94, 95, 96, 97, 98, 99]

------------- 
BUBBLE_SORT
Vetor utilizado: [33, 52, 91, 88, 5, 2, 46, 6, 45, 4, 39, 15, 76, 69, 31, 7, 53, 93, 13, 14, 54, 26, 75, 87, 25, 16, 51, 9, 57, 36, 37, 48, 21, 58, 23, 59, 94, 12, 44, 34, 11, 82, 84, 3, 65, 18, 28, 74, 90, 73, 19, 89, 27, 99, 77, 60, 64, 49, 8, 29, 92, 62, 42, 35, 95, 43, 66, 85, 38, 97, 68, 1, 80, 41, 50, 47, 61, 70, 56, 81, 22, 32, 24, 98, 83, 96, 30, 40, 86, 78, 17, 71, 20, 67, 55, 0, 79, 72, 10, 63]
Tamanho do vetor: 100

Tempo inicial: 2017-04-26T19:59:21.854Z
Tempo final: 2017-04-26T19:59:21.855Z
Tempo total: 1

ORDENADO: [0, 1, 2, 3, 4, 5, 6, 7, 8, 9, 10, 11, 12, 13, 14, 15, 16, 17, 18, 19, 20, 21, 22, 23, 24, 25, 26, 27, 28, 29, 30, 31, 32, 33, 34, 35, 36, 37, 38, 39, 40, 41, 42, 43, 44, 45, 46, 47, 48, 49, 50, 51, 52, 53, 54, 55, 56, 57, 58, 59, 60, 61, 62, 63, 64, 65, 66, 67, 68, 69, 70, 71, 72, 73, 74, 75, 76, 77, 78, 79, 80, 81, 82, 83, 84, 85, 86, 87, 88, 89, 90, 91, 92, 93, 94, 95, 96, 97, 98, 99]

------------- 
BUBBLE_SORT
Vetor utilizado: [86, 41, 47, 75, 72, 26, 88, 25, 60, 58, 43, 78, 50, 81, 90, 37, 22, 99, 64, 54, 9, 61, 91, 96, 32, 35, 70, 69, 93, 27, 97, 82, 16, 33, 6, 49, 56, 77, 63, 89, 0, 67, 14, 79, 52, 84, 76, 92, 51, 38, 39, 62, 24, 83, 48, 66, 85, 34, 71, 40, 8, 15, 19, 1, 31, 46, 5, 12, 74, 59, 21, 42, 68, 7, 23, 13, 80, 87, 2, 20, 94, 55, 65, 53, 28, 18, 10, 3, 11, 44, 98, 73, 30, 29, 36, 45, 4, 17, 57, 95]
Tamanho do vetor: 100

Tempo inicial: 2017-04-26T19:59:21.856Z
Tempo final: 2017-04-26T19:59:21.856Z
Tempo total: 0

ORDENADO: [0, 1, 2, 3, 4, 5, 6, 7, 8, 9, 10, 11, 12, 13, 14, 15, 16, 17, 18, 19, 20, 21, 22, 23, 24, 25, 26, 27, 28, 29, 30, 31, 32, 33, 34, 35, 36, 37, 38, 39, 40, 41, 42, 43, 44, 45, 46, 47, 48, 49, 50, 51, 52, 53, 54, 55, 56, 57, 58, 59, 60, 61, 62, 63, 64, 65, 66, 67, 68, 69, 70, 71, 72, 73, 74, 75, 76, 77, 78, 79, 80, 81, 82, 83, 84, 85, 86, 87, 88, 89, 90, 91, 92, 93, 94, 95, 96, 97, 98, 99]

------------- 
BUBBLE_SORT
Vetor utilizado: [16, 49, 85, 84, 98, 79, 47, 3, 52, 74, 6, 18, 87, 58, 60, 14, 92, 21, 0, 75, 83, 43, 39, 68, 2, 9, 44, 51, 45, 10, 70, 40, 13, 86, 69, 35, 71, 41, 20, 48, 77, 66, 31, 15, 67, 32, 90, 12, 19, 72, 96, 17, 22, 89, 76, 54, 95, 61, 4, 28, 30, 62, 37, 78, 11, 73, 1, 59, 93, 33, 82, 36, 5, 99, 88, 65, 34, 50, 27, 29, 25, 53, 57, 94, 64, 81, 23, 24, 91, 55, 56, 63, 42, 8, 7, 46, 26, 80, 38, 97]
Tamanho do vetor: 100

Tempo inicial: 2017-04-26T19:59:21.857Z
Tempo final: 2017-04-26T19:59:21.858Z
Tempo total: 1

ORDENADO: [0, 1, 2, 3, 4, 5, 6, 7, 8, 9, 10, 11, 12, 13, 14, 15, 16, 17, 18, 19, 20, 21, 22, 23, 24, 25, 26, 27, 28, 29, 30, 31, 32, 33, 34, 35, 36, 37, 38, 39, 40, 41, 42, 43, 44, 45, 46, 47, 48, 49, 50, 51, 52, 53, 54, 55, 56, 57, 58, 59, 60, 61, 62, 63, 64, 65, 66, 67, 68, 69, 70, 71, 72, 73, 74, 75, 76, 77, 78, 79, 80, 81, 82, 83, 84, 85, 86, 87, 88, 89, 90, 91, 92, 93, 94, 95, 96, 97, 98, 99]

------------- 
BUBBLE_SORT
Vetor utilizado: [0, 73, 14, 65, 76, 7, 43, 34, 52, 40, 82, 92, 88, 30, 16, 62, 45, 51, 59, 33, 93, 84, 89, 4, 96, 64, 37, 83, 42, 2, 32, 49, 3, 6, 44, 54, 75, 90, 26, 60, 72, 17, 22, 99, 95, 25, 91, 50, 78, 31, 39, 19, 74, 86, 29, 94, 36, 11, 69, 79, 70, 55, 21, 87, 77, 23, 13, 46, 5, 24, 81, 18, 8, 63, 57, 15, 47, 66, 58, 61, 1, 85, 68, 67, 56, 20, 38, 97, 98, 9, 10, 53, 12, 71, 48, 28, 35, 27, 41, 80]
Tamanho do vetor: 100

Tempo inicial: 2017-04-26T19:59:21.858Z
Tempo final: 2017-04-26T19:59:21.859Z
Tempo total: 1

ORDENADO: [0, 1, 2, 3, 4, 5, 6, 7, 8, 9, 10, 11, 12, 13, 14, 15, 16, 17, 18, 19, 20, 21, 22, 23, 24, 25, 26, 27, 28, 29, 30, 31, 32, 33, 34, 35, 36, 37, 38, 39, 40, 41, 42, 43, 44, 45, 46, 47, 48, 49, 50, 51, 52, 53, 54, 55, 56, 57, 58, 59, 60, 61, 62, 63, 64, 65, 66, 67, 68, 69, 70, 71, 72, 73, 74, 75, 76, 77, 78, 79, 80, 81, 82, 83, 84, 85, 86, 87, 88, 89, 90, 91, 92, 93, 94, 95, 96, 97, 98, 99]

------------- 
BUBBLE_SORT
Vetor utilizado: [11, 18, 12, 10, 27, 22, 30, 98, 85, 73, 32, 96, 41, 65, 42, 52, 51, 0, 83, 4, 76, 62, 53, 36, 63, 5, 26, 21, 59, 2, 72, 75, 92, 20, 33, 77, 50, 15, 82, 7, 95, 19, 48, 89, 64, 46, 80, 14, 90, 81, 43, 67, 68, 16, 87, 45, 60, 40, 99, 49, 37, 71, 47, 78, 93, 55, 13, 29, 3, 97, 25, 44, 24, 88, 69, 86, 31, 91, 54, 9, 38, 61, 58, 39, 84, 35, 8, 94, 79, 17, 6, 57, 70, 23, 74, 66, 34, 28, 1, 56]
Tamanho do vetor: 100

Tempo inicial: 2017-04-26T19:59:21.859Z
Tempo final: 2017-04-26T19:59:21.859Z
Tempo total: 0

ORDENADO: [0, 1, 2, 3, 4, 5, 6, 7, 8, 9, 10, 11, 12, 13, 14, 15, 16, 17, 18, 19, 20, 21, 22, 23, 24, 25, 26, 27, 28, 29, 30, 31, 32, 33, 34, 35, 36, 37, 38, 39, 40, 41, 42, 43, 44, 45, 46, 47, 48, 49, 50, 51, 52, 53, 54, 55, 56, 57, 58, 59, 60, 61, 62, 63, 64, 65, 66, 67, 68, 69, 70, 71, 72, 73, 74, 75, 76, 77, 78, 79, 80, 81, 82, 83, 84, 85, 86, 87, 88, 89, 90, 91, 92, 93, 94, 95, 96, 97, 98, 99]

------------- 
BUBBLE_SORT
Vetor utilizado: [8, 80, 56, 85, 14, 21, 11, 7, 88, 22, 50, 31, 33, 26, 6, 75, 24, 42, 72, 84, 63, 62, 69, 23, 51, 93, 53, 44, 28, 20, 92, 41, 86, 67, 76, 78, 35, 2, 65, 13, 1, 81, 71, 99, 12, 54, 97, 77, 19, 87, 32, 16, 45, 55, 46, 91, 48, 64, 52, 57, 17, 10, 49, 96, 74, 4, 94, 59, 70, 5, 38, 82, 89, 47, 3, 73, 60, 98, 61, 43, 34, 0, 58, 29, 25, 9, 37, 36, 40, 39, 95, 66, 15, 27, 18, 30, 68, 90, 79, 83]
Tamanho do vetor: 100

Tempo inicial: 2017-04-26T19:59:21.860Z
Tempo final: 2017-04-26T19:59:21.860Z
Tempo total: 0

ORDENADO: [0, 1, 2, 3, 4, 5, 6, 7, 8, 9, 10, 11, 12, 13, 14, 15, 16, 17, 18, 19, 20, 21, 22, 23, 24, 25, 26, 27, 28, 29, 30, 31, 32, 33, 34, 35, 36, 37, 38, 39, 40, 41, 42, 43, 44, 45, 46, 47, 48, 49, 50, 51, 52, 53, 54, 55, 56, 57, 58, 59, 60, 61, 62, 63, 64, 65, 66, 67, 68, 69, 70, 71, 72, 73, 74, 75, 76, 77, 78, 79, 80, 81, 82, 83, 84, 85, 86, 87, 88, 89, 90, 91, 92, 93, 94, 95, 96, 97, 98, 99]

Media de tempo: 8.3