------------- 
INSERT_SORT
Vetor utilizado: [60, 28, 44, 7, 1, 80, 86, 73, 98, 32, 46, 75, 11, 12, 62, 42, 72, 58, 48, 16, 65, 91, 88, 2, 25, 34, 96, 37, 79, 63, 53, 15, 83, 93, 47, 97, 36, 82, 29, 13, 56, 89, 67, 84, 40, 66, 71, 21, 39, 27, 55, 78, 9, 74, 19, 33, 10, 35, 14, 3, 54, 50, 68, 49, 61, 41, 31, 17, 85, 5, 6, 77, 23, 30, 64, 59, 52, 95, 4, 24, 8, 45, 18, 22, 94, 92, 70, 87, 81, 0, 38, 57, 51, 99, 43, 20, 90, 26, 76, 69]
Tamanho do vetor: 100

Tempo inicial: 2017-04-26T19:59:21.861Z
Tempo final: 2017-04-26T19:59:21.861Z
Tempo total: 0

ORDENADO: [0, 1, 2, 3, 4, 5, 6, 7, 8, 9, 10, 11, 12, 13, 14, 15, 16, 17, 18, 19, 20, 21, 22, 23, 24, 25, 26, 27, 28, 29, 30, 31, 32, 33, 34, 35, 36, 37, 38, 39, 40, 41, 42, 43, 44, 45, 46, 47, 48, 49, 50, 51, 52, 53, 54, 55, 56, 57, 58, 59, 60, 61, 62, 63, 64, 65, 66, 67, 68, 69, 70, 71, 72, 73, 74, 75, 76, 77, 78, 79, 80, 81, 82, 83, 84, 85, 86, 87, 88, 89, 90, 91, 92, 93, 94, 95, 96, 97, 98, 99]

------------- 
INSERT_SORT
Vetor utilizado: [52, 7, 27, 34, 11, 45, 28, 29, 14, 48, 40, 95, 57, 50, 67, 77, 38, 60, 84, 4, 97, 64, 23, 12, 47, 37, 32, 74, 22, 69, 24, 65, 13, 81, 82, 98, 20, 1, 8, 61, 54, 49, 80, 5, 66, 78, 76, 2, 51, 33, 62, 55, 58, 31, 36, 83, 88, 99, 53, 10, 71, 44, 63, 30, 15, 70, 73, 43, 79, 39, 9, 25, 90, 16, 92, 87, 96, 46, 21, 91, 26, 42, 86, 6, 35, 3, 75, 17, 56, 93, 89, 59, 19, 0, 72, 94, 18, 85, 41, 68]
Tamanho do vetor: 100

Tempo inicial: 2017-04-26T19:59:21.862Z
Tempo final: 2017-04-26T19:59:21.862Z
Tempo total: 0

ORDENADO: [0, 1, 2, 3, 4, 5, 6, 7, 8, 9, 10, 11, 12, 13, 14, 15, 16, 17, 18, 19, 20, 21, 22, 23, 24, 25, 26, 27, 28, 29, 30, 31, 32, 33, 34, 35, 36, 37, 38, 39, 40, 41, 42, 43, 44, 45, 46, 47, 48, 49, 50, 51, 52, 53, 54, 55, 56, 57, 58, 59, 60, 61, 62, 63, 64, 65, 66, 67, 68, 69, 70, 71, 72, 73, 74, 75, 76, 77, 78, 79, 80, 81, 82, 83, 84, 85, 86, 87, 88, 89, 90, 91, 92, 93, 94, 95, 96, 97, 98, 99]

------------- 
INSERT_SORT
Vetor utilizado: [83, 91, 94, 20, 74, 14, 48, 43, 89, 90, 22, 0, 50, 79, 61, 33, 29, 46, 1, 87, 96, 78, 98, 57, 92, 42, 65, 60, 95, 13, 30, 6, 32, 23, 41, 54, 37, 45, 8, 53, 36, 26, 44, 71, 49, 7, 85, 16, 67, 31, 34, 73, 17, 72, 11, 21, 86, 5, 93, 24, 64, 84, 28, 38, 39, 76, 9, 12, 77, 75, 59, 40, 66, 2, 81, 47, 25, 69, 80, 62, 15, 68, 35, 63, 52, 4, 82, 10, 97, 18, 88, 55, 19, 3, 58, 99, 27, 51, 56, 70]
Tamanho do vetor: 100

Tempo inicial: 2017-04-26T19:59:21.863Z
Tempo final: 2017-04-26T19:59:21.863Z
Tempo total: 0

ORDENADO: [0, 1, 2, 3, 4, 5, 6, 7, 8, 9, 10, 11, 12, 13, 14, 15, 16, 17, 18, 19, 20, 21, 22, 23, 24, 25, 26, 27, 28, 29, 30, 31, 32, 33, 34, 35, 36, 37, 38, 39, 40, 41, 42, 43, 44, 45, 46, 47, 48, 49, 50, 51, 52, 53, 54, 55, 56, 57, 58, 59, 60, 61, 62, 63, 64, 65, 66, 67, 68, 69, 70, 71, 72, 73, 74, 75, 76, 77, 78, 79, 80, 81, 82, 83, 84, 85, 86, 87, 88, 89, 90, 91, 92, 93, 94, 95, 96, 97, 98, 99]

------------- 
INSERT_SORT
Vetor utilizado: [4, 55, 73, 36, 29, 44, 35, 87, 43, 75, 28, 92, 74, 1, 49, 0, 63, 52, 13, 7, 66, 72, 24, 51, 77, 19, 40, 34, 9, 20, 91, 61, 62, 16, 88, 85, 26, 58, 30, 3, 21, 69, 98, 86, 65, 12, 57, 27, 10, 97, 22, 37, 5, 99, 54, 48, 42, 68, 60, 80, 41, 31, 33, 94, 11, 17, 90, 95, 64, 46, 39, 83, 67, 47, 76, 2, 56, 23, 18, 59, 70, 45, 93, 71, 82, 14, 81, 89, 25, 38, 6, 84, 8, 96, 79, 50, 15, 32, 78, 53]
Tamanho do vetor: 100

Tempo inicial: 2017-04-26T19:59:21.863Z
Tempo final: 2017-04-26T19:59:21.864Z
Tempo total: 1

ORDENADO: [0, 1, 2, 3, 4, 5, 6, 7, 8, 9, 10, 11, 12, 13, 14, 15, 16, 17, 18, 19, 20, 21, 22, 23, 24, 25, 26, 27, 28, 29, 30, 31, 32, 33, 34, 35, 36, 37, 38, 39, 40, 41, 42, 43, 44, 45, 46, 47, 48, 49, 50, 51, 52, 53, 54, 55, 56, 57, 58, 59, 60, 61, 62, 63, 64, 65, 66, 67, 68, 69, 70, 71, 72, 73, 74, 75, 76, 77, 78, 79, 80, 81, 82, 83, 84, 85, 86, 87, 88, 89, 90, 91, 92, 93, 94, 95, 96, 97, 98, 99]

------------- 
INSERT_SORT
Vetor utilizado: [50, 77, 34, 59, 3, 81, 28, 57, 58, 75, 89, 51, 18, 69, 96, 37, 82, 20, 79, 40, 22, 44, 55, 24, 8, 39, 76, 32, 27, 10, 61, 35, 42, 99, 6, 73, 70, 49, 2, 63, 90, 54, 48, 5, 47, 56, 38, 94, 87, 45, 66, 26, 12, 78, 68, 91, 1, 83, 4, 60, 97, 17, 95, 31, 72, 67, 80, 36, 71, 92, 14, 62, 21, 88, 46, 9, 29, 52, 41, 25, 86, 53, 64, 0, 11, 98, 33, 19, 43, 84, 15, 74, 7, 30, 16, 93, 65, 23, 85, 13]
Tamanho do vetor: 100

Tempo inicial: 2017-04-26T19:59:21.864Z
Tempo final: 2017-04-26T19:59:21.864Z
Tempo total: 0

ORDENADO: [0, 1, 2, 3, 4, 5, 6, 7, 8, 9, 10, 11, 12, 13, 14, 15, 16, 17, 18, 19, 20, 21, 22, 23, 24, 25, 26, 27, 28, 29, 30, 31, 32, 33, 34, 35, 36, 37, 38, 39, 40, 41, 42, 43, 44, 45, 46, 47, 48, 49, 50, 51, 52, 53, 54, 55, 56, 57, 58, 59, 60, 61, 62, 63, 64, 65, 66, 67, 68, 69, 70, 71, 72, 73, 74, 75, 76, 77, 78, 79, 80, 81, 82, 83, 84, 85, 86, 87, 88, 89, 90, 91, 92, 93, 94, 95, 96, 97, 98, 99]

------------- 
INSERT_SORT
Vetor utilizado: [35, 11, 18, 0, 83, 99, 10, 29, 94, 72, 47, 61, 28, 7, 96, 22, 26, 32, 58, 69, 2, 98, 76, 12, 82, 68, 97, 64, 56, 5, 13, 90, 54, 49, 27, 78, 81, 9, 34, 48, 80, 24, 41, 33, 60, 87, 95, 45, 57, 20, 25, 16, 70, 37, 38, 84, 62, 31, 85, 44, 39, 91, 89, 67, 59, 36, 19, 88, 15, 1, 46, 52, 40, 3, 6, 55, 51, 8, 77, 21, 63, 71, 14, 65, 4, 23, 79, 42, 43, 66, 75, 30, 50, 53, 86, 17, 92, 74, 73, 93]
Tamanho do vetor: 100

Tempo inicial: 2017-04-26T19:59:21.865Z
Tempo final: 2017-04-26T19:59:21.865Z
Tempo total: 0

ORDENADO: [0, 1, 2, 3, 4, 5, 6, 7, 8, 9, 10, 11, 12, 13, 14, 15, 16, 17, 18, 19, 20, 21, 22, 23, 24, 25, 26, 27, 28, 29, 30, 31, 32, 33, 34, 35, 36, 37, 38, 39, 40, 41, 42, 43, 44, 45, 46, 47, 48, 49, 50, 51, 52, 53, 54, 55, 56, 57, 58, 59, 60, 61, 62, 63, 64, 65, 66, 67, 68, 69, 70, 71, 72, 73, 74, 75, 76, 77, 78, 79, 80, 81, 82, 83, 84, 85, 86, 87, 88, 89, 90, 91, 92, 93, 94, 95, 96, 97, 98, 99]

------------- 
INSERT_SORT
Vetor utilizado: [8, 67, 95, 32, 89, 82, 88, 62, 84, 27, 73, 6, 5, 9, 98, 31, 59, 7, 15, 92, 72, 96, 36, 29, 47, 91, 43, 33, 21, 87, 93, 86, 80, 37, 71, 61, 3, 42, 41, 23, 25, 55, 57, 79, 63, 17, 83, 66, 30, 16, 76, 22, 65, 85, 69, 44, 49, 97, 18, 39, 60, 35, 94, 4, 70, 46, 48, 99, 68, 78, 34, 74, 45, 53, 77, 2, 90, 81, 75, 28, 12, 50, 10, 20, 26, 52, 24, 64, 38, 14, 11, 40, 0, 54, 51, 19, 13, 56, 58, 1]
Tamanho do vetor: 100

Tempo inicial: 2017-04-26T19:59:21.865Z
Tempo final: 2017-04-26T19:59:21.866Z
Tempo total: 1

ORDENADO: [0, 1, 2, 3, 4, 5, 6, 7, 8, 9, 10, 11, 12, 13, 14, 15, 16, 17, 18, 19, 20, 21, 22, 23, 24, 25, 26, 27, 28, 29, 30, 31, 32, 33, 34, 35, 36, 37, 38, 39, 40, 41, 42, 43, 44, 45, 46, 47, 48, 49, 50, 51, 52, 53, 54, 55, 56, 57, 58, 59, 60, 61, 62, 63, 64, 65, 66, 67, 68, 69, 70, 71, 72, 73, 74, 75, 76, 77, 78, 79, 80, 81, 82, 83, 84, 85, 86, 87, 88, 89, 90, 91, 92, 93, 94, 95, 96, 97, 98, 99]

------------- 
INSERT_SORT
Vetor utilizado: [8, 36, 59, 72, 97, 87, 7, 64, 77, 96, 38, 20, 18, 50, 76, 58, 53, 2, 16, 65, 70, 82, 90, 52, 14, 19, 57, 89, 88, 68, 62, 9, 61, 79, 74, 33, 81, 26, 43, 75, 63, 4, 78, 29, 5, 37, 34, 39, 83, 35, 17, 44, 42, 49, 40, 84, 69, 10, 91, 99, 30, 55, 60, 93, 48, 13, 94, 73, 3, 31, 51, 46, 1, 24, 54, 47, 66, 32, 25, 21, 80, 27, 56, 23, 41, 22, 95, 28, 98, 15, 92, 85, 12, 71, 67, 86, 45, 11, 0, 6]
Tamanho do vetor: 100

Tempo inicial: 2017-04-26T19:59:21.866Z
Tempo final: 2017-04-26T19:59:21.866Z
Tempo total: 0

ORDENADO: [0, 1, 2, 3, 4, 5, 6, 7, 8, 9, 10, 11, 12, 13, 14, 15, 16, 17, 18, 19, 20, 21, 22, 23, 24, 25, 26, 27, 28, 29, 30, 31, 32, 33, 34, 35, 36, 37, 38, 39, 40, 41, 42, 43, 44, 45, 46, 47, 48, 49, 50, 51, 52, 53, 54, 55, 56, 57, 58, 59, 60, 61, 62, 63, 64, 65, 66, 67, 68, 69, 70, 71, 72, 73, 74, 75, 76, 77, 78, 79, 80, 81, 82, 83, 84, 85, 86, 87, 88, 89, 90, 91, 92, 93, 94, 95, 96, 97, 98, 99]

------------- 
INSERT_SORT
Vetor utilizado: [80, 6, 3, 2, 43, 12, 74, 33, 40, 49, 63, 11, 17, 94, 71, 42, 55, 20, 26, 91, 56, 7, 47, 51, 85, 36, 5, 73, 58, 77, 34, 72, 68, 29, 50, 96, 46, 37, 88, 83, 69, 65, 54, 89, 32, 76, 59, 60, 78, 95, 87, 1, 14, 70, 8, 48, 4, 9, 24, 15, 13, 92, 18, 67, 84, 44, 41, 64, 99, 52, 66, 30, 38, 35, 75, 22, 82, 86, 0, 93, 39, 62, 79, 81, 10, 53, 16, 97, 57, 28, 90, 45, 19, 27, 61, 25, 21, 98, 23, 31]
Tamanho do vetor: 100

Tempo inicial: 2017-04-26T19:59:21.867Z
Tempo final: 2017-04-26T19:59:21.867Z
Tempo total: 0

ORDENADO: [0, 1, 2, 3, 4, 5, 6, 7, 8, 9, 10, 11, 12, 13, 14, 15, 16, 17, 18, 19, 20, 21, 22, 23, 24, 25, 26, 27, 28, 29, 30, 31, 32, 33, 34, 35, 36, 37, 38, 39, 40, 41, 42, 43, 44, 45, 46, 47, 48, 49, 50, 51, 52, 53, 54, 55, 56, 57, 58, 59, 60, 61, 62, 63, 64, 65, 66, 67, 68, 69, 70, 71, 72, 73, 74, 75, 76, 77, 78, 79, 80, 81, 82, 83, 84, 85, 86, 87, 88, 89, 90, 91, 92, 93, 94, 95, 96, 97, 98, 99]

------------- 
INSERT_SORT
Vetor utilizado: [76, 23, 16, 51, 74, 7, 83, 8, 35, 70, 26, 12, 4, 87, 59, 60, 78, 30, 53, 19, 29, 14, 57, 22, 71, 20, 11, 18, 5, 79, 69, 94, 82, 25, 21, 80, 10, 54, 88, 92, 33, 42, 93, 32, 52, 67, 37, 43, 28, 38, 47, 68, 56, 41, 95, 84, 39, 73, 36, 31, 98, 58, 15, 77, 81, 97, 24, 13, 99, 86, 55, 6, 89, 2, 63, 96, 44, 62, 64, 46, 48, 85, 75, 65, 91, 27, 61, 66, 45, 49, 17, 1, 40, 90, 3, 0, 50, 34, 72, 9]
Tamanho do vetor: 100

Tempo inicial: 2017-04-26T19:59:21.867Z
Tempo final: 2017-04-26T19:59:21.868Z
Tempo total: 1

ORDENADO: [0, 1, 2, 3, 4, 5, 6, 7, 8, 9, 10, 11, 12, 13, 14, 15, 16, 17, 18, 19, 20, 21, 22, 23, 24, 25, 26, 27, 28, 29, 30, 31, 32, 33, 34, 35, 36, 37, 38, 39, 40, 41, 42, 43, 44, 45, 46, 47, 48, 49, 50, 51, 52, 53, 54, 55, 56, 57, 58, 59, 60, 61, 62, 63, 64, 65, 66, 67, 68, 69, 70, 71, 72, 73, 74, 75, 76, 77, 78, 79, 80, 81, 82, 83, 84, 85, 86, 87, 88, 89, 90, 91, 92, 93, 94, 95, 96, 97, 98, 99]

Media de tempo: 8.6