------------- 
SELECTION_SORT
Vetor utilizado: [63, 11, 67, 49, 92, 71, 97, 37, 25, 69, 32, 21, 13, 1, 81, 53, 55, 36, 90, 23, 44, 40, 62, 2, 84, 77, 16, 43, 95, 42, 94, 15, 96, 20, 34, 65, 61, 87, 74, 9, 93, 70, 3, 83, 31, 28, 80, 75, 64, 12, 57, 58, 76, 46, 39, 60, 45, 98, 33, 50, 22, 17, 51, 10, 88, 68, 26, 78, 47, 29, 38, 79, 4, 30, 35, 86, 91, 73, 24, 82, 19, 18, 54, 99, 48, 72, 89, 27, 52, 41, 7, 8, 59, 66, 85, 0, 6, 14, 5, 56]
Tamanho do vetor: 100

Tempo inicial: 2017-04-26T19:59:21.868Z
Tempo final: 2017-04-26T19:59:21.868Z
Tempo total: 0

ORDENADO: [0, 1, 2, 3, 4, 5, 6, 7, 8, 9, 10, 11, 12, 13, 14, 15, 16, 17, 18, 19, 20, 21, 22, 23, 24, 25, 26, 27, 28, 29, 30, 31, 32, 33, 34, 35, 36, 37, 38, 39, 40, 41, 42, 43, 44, 45, 46, 47, 48, 49, 50, 51, 52, 53, 54, 55, 56, 57, 58, 59, 60, 61, 62, 63, 64, 65, 66, 67, 68, 69, 70, 71, 72, 73, 74, 75, 76, 77, 78, 79, 80, 81, 82, 83, 84, 85, 86, 87, 88, 89, 90, 91, 92, 93, 94, 95, 96, 97, 98, 99]

------------- 
SELECTION_SORT
Vetor utilizado: [86, 59, 52, 72, 58, 18, 24, 80, 69, 74, 97, 35, 98, 67, 56, 61, 89, 36, 78, 49, 77, 79, 20, 14, 39, 71, 66, 19, 73, 25, 4, 37, 38, 8, 83, 88, 41, 29, 15, 40, 87, 91, 43, 62, 33, 92, 11, 1, 28, 31, 54, 84, 53, 6, 95, 30, 17, 75, 50, 55, 45, 0, 68, 21, 57, 9, 34, 16, 12, 85, 63, 90, 23, 10, 42, 3, 48, 44, 93, 94, 96, 22, 64, 47, 7, 81, 27, 70, 65, 5, 60, 2, 82, 13, 51, 26, 76, 46, 99, 32]
Tamanho do vetor: 100

Tempo inicial: 2017-04-26T19:59:21.869Z
Tempo final: 2017-04-26T19:59:21.869Z
Tempo total: 0

ORDENADO: [0, 1, 2, 3, 4, 5, 6, 7, 8, 9, 10, 11, 12, 13, 14, 15, 16, 17, 18, 19, 20, 21, 22, 23, 24, 25, 26, 27, 28, 29, 30, 31, 32, 33, 34, 35, 36, 37, 38, 39, 40, 41, 42, 43, 44, 45, 46, 47, 48, 49, 50, 51, 52, 53, 54, 55, 56, 57, 58, 59, 60, 61, 62, 63, 64, 65, 66, 67, 68, 69, 70, 71, 72, 73, 74, 75, 76, 77, 78, 79, 80, 81, 82, 83, 84, 85, 86, 87, 88, 89, 90, 91, 92, 93, 94, 95, 96, 97, 98, 99]

------------- 
SELECTION_SORT
Vetor utilizado: [71, 63, 70, 32, 22, 16, 47, 34, 49, 37, 84, 9, 14, 1, 76, 85, 46, 91, 62, 83, 21, 52, 28, 10, 78, 29, 3, 4, 96, 31, 15, 56, 23, 99, 82, 38, 98, 68, 17, 30, 12, 2, 45, 79, 55, 24, 74, 54, 69, 97, 41, 50, 64, 42, 6, 77, 51, 58, 19, 20, 7, 80, 13, 67, 93, 43, 86, 59, 26, 18, 60, 66, 27, 35, 40, 57, 73, 48, 44, 88, 61, 87, 53, 90, 8, 36, 89, 0, 39, 72, 25, 75, 33, 5, 92, 81, 11, 65, 95, 94]
Tamanho do vetor: 100

Tempo inicial: 2017-04-26T19:59:21.870Z
Tempo final: 2017-04-26T19:59:21.870Z
Tempo total: 0

ORDENADO: [0, 1, 2, 3, 4, 5, 6, 7, 8, 9, 10, 11, 12, 13, 14, 15, 16, 17, 18, 19, 20, 21, 22, 23, 24, 25, 26, 27, 28, 29, 30, 31, 32, 33, 34, 35, 36, 37, 38, 39, 40, 41, 42, 43, 44, 45, 46, 47, 48, 49, 50, 51, 52, 53, 54, 55, 56, 57, 58, 59, 60, 61, 62, 63, 64, 65, 66, 67, 68, 69, 70, 71, 72, 73, 74, 75, 76, 77, 78, 79, 80, 81, 82, 83, 84, 85, 86, 87, 88, 89, 90, 91, 92, 93, 94, 95, 96, 97, 98, 99]

------------- 
SELECTION_SORT
Vetor utilizado: [6, 50, 1, 46, 4, 80, 13, 23, 85, 96, 76, 99, 98, 30, 2, 27, 47, 3, 83, 59, 54, 19, 9, 97, 22, 57, 73, 84, 68, 63, 20, 61, 58, 28, 66, 40, 38, 26, 89, 71, 64, 74, 82, 60, 94, 21, 36, 75, 45, 67, 52, 37, 10, 39, 65, 7, 87, 12, 90, 24, 78, 48, 33, 91, 16, 56, 49, 34, 14, 51, 18, 93, 8, 70, 69, 92, 53, 15, 25, 5, 79, 77, 55, 62, 29, 43, 88, 44, 95, 81, 42, 31, 41, 0, 35, 11, 72, 17, 86, 32]
Tamanho do vetor: 100

Tempo inicial: 2017-04-26T19:59:21.870Z
Tempo final: 2017-04-26T19:59:21.870Z
Tempo total: 0

ORDENADO: [0, 1, 2, 3, 4, 5, 6, 7, 8, 9, 10, 11, 12, 13, 14, 15, 16, 17, 18, 19, 20, 21, 22, 23, 24, 25, 26, 27, 28, 29, 30, 31, 32, 33, 34, 35, 36, 37, 38, 39, 40, 41, 42, 43, 44, 45, 46, 47, 48, 49, 50, 51, 52, 53, 54, 55, 56, 57, 58, 59, 60, 61, 62, 63, 64, 65, 66, 67, 68, 69, 70, 71, 72, 73, 74, 75, 76, 77, 78, 79, 80, 81, 82, 83, 84, 85, 86, 87, 88, 89, 90, 91, 92, 93, 94, 95, 96, 97, 98, 99]

------------- 
SELECTION_SORT
Vetor utilizado: [33, 69, 86, 77, 44, 62, 88, 31, 85, 78, 3, 95, 84, 15, 39, 49, 43, 55, 12, 71, 58, 38, 80, 41, 90, 28, 93, 34, 2, 0, 73, 23, 66, 42, 32, 99, 14, 19, 1, 11, 10, 57, 20, 82, 21, 30, 68, 59, 89, 4, 79, 64, 46, 48, 22, 16, 26, 17, 9, 51, 53, 37, 72, 40, 27, 36, 75, 25, 91, 70, 5, 97, 83, 29, 52, 65, 87, 8, 74, 92, 94, 67, 60, 18, 81, 63, 50, 45, 61, 56, 24, 35, 13, 6, 98, 7, 76, 54, 47, 96]
Tamanho do vetor: 100

Tempo inicial: 2017-04-26T19:59:21.871Z
Tempo final: 2017-04-26T19:59:21.871Z
Tempo total: 0

ORDENADO: [0, 1, 2, 3, 4, 5, 6, 7, 8, 9, 10, 11, 12, 13, 14, 15, 16, 17, 18, 19, 20, 21, 22, 23, 24, 25, 26, 27, 28, 29, 30, 31, 32, 33, 34, 35, 36, 37, 38, 39, 40, 41, 42, 43, 44, 45, 46, 47, 48, 49, 50, 51, 52, 53, 54, 55, 56, 57, 58, 59, 60, 61, 62, 63, 64, 65, 66, 67, 68, 69, 70, 71, 72, 73, 74, 75, 76, 77, 78, 79, 80, 81, 82, 83, 84, 85, 86, 87, 88, 89, 90, 91, 92, 93, 94, 95, 96, 97, 98, 99]

------------- 
SELECTION_SORT
Vetor utilizado: [99, 86, 74, 36, 15, 70, 66, 18, 73, 89, 51, 96, 3, 76, 67, 54, 49, 11, 41, 4, 38, 81, 83, 14, 62, 75, 71, 31, 79, 55, 78, 52, 43, 33, 39, 2, 47, 7, 6, 68, 77, 45, 64, 9, 21, 57, 56, 1, 0, 5, 32, 58, 30, 88, 72, 50, 20, 24, 23, 19, 69, 80, 84, 59, 65, 87, 85, 48, 40, 28, 92, 26, 10, 27, 29, 82, 35, 13, 46, 93, 42, 90, 53, 94, 22, 63, 17, 34, 8, 97, 95, 98, 12, 25, 16, 91, 60, 37, 61, 44]
Tamanho do vetor: 100

Tempo inicial: 2017-04-26T19:59:21.871Z
Tempo final: 2017-04-26T19:59:21.872Z
Tempo total: 1

ORDENADO: [0, 1, 2, 3, 4, 5, 6, 7, 8, 9, 10, 11, 12, 13, 14, 15, 16, 17, 18, 19, 20, 21, 22, 23, 24, 25, 26, 27, 28, 29, 30, 31, 32, 33, 34, 35, 36, 37, 38, 39, 40, 41, 42, 43, 44, 45, 46, 47, 48, 49, 50, 51, 52, 53, 54, 55, 56, 57, 58, 59, 60, 61, 62, 63, 64, 65, 66, 67, 68, 69, 70, 71, 72, 73, 74, 75, 76, 77, 78, 79, 80, 81, 82, 83, 84, 85, 86, 87, 88, 89, 90, 91, 92, 93, 94, 95, 96, 97, 98, 99]

------------- 
SELECTION_SORT
Vetor utilizado: [67, 72, 59, 29, 15, 16, 49, 22, 60, 12, 86, 76, 52, 84, 96, 95, 50, 31, 56, 8, 23, 87, 0, 57, 65, 97, 51, 13, 20, 74, 53, 55, 78, 68, 91, 83, 85, 10, 61, 43, 80, 44, 90, 37, 26, 28, 5, 45, 7, 73, 48, 92, 35, 88, 6, 46, 58, 38, 21, 63, 81, 98, 77, 64, 32, 70, 82, 41, 40, 94, 99, 33, 71, 93, 24, 18, 89, 47, 34, 75, 54, 4, 17, 66, 19, 36, 42, 3, 30, 69, 39, 27, 25, 14, 1, 9, 79, 2, 62, 11]
Tamanho do vetor: 100

Tempo inicial: 2017-04-26T19:59:21.872Z
Tempo final: 2017-04-26T19:59:21.872Z
Tempo total: 0

ORDENADO: [0, 1, 2, 3, 4, 5, 6, 7, 8, 9, 10, 11, 12, 13, 14, 15, 16, 17, 18, 19, 20, 21, 22, 23, 24, 25, 26, 27, 28, 29, 30, 31, 32, 33, 34, 35, 36, 37, 38, 39, 40, 41, 42, 43, 44, 45, 46, 47, 48, 49, 50, 51, 52, 53, 54, 55, 56, 57, 58, 59, 60, 61, 62, 63, 64, 65, 66, 67, 68, 69, 70, 71, 72, 73, 74, 75, 76, 77, 78, 79, 80, 81, 82, 83, 84, 85, 86, 87, 88, 89, 90, 91, 92, 93, 94, 95, 96, 97, 98, 99]

------------- 
SELECTION_SORT
Vetor utilizado: [87, 18, 70, 15, 27, 91, 5, 56, 17, 58, 6, 98, 67, 24, 57, 92, 88, 73, 30, 0, 69, 45, 93, 54, 65, 63, 38, 72, 53, 97, 40, 94, 7, 49, 34, 9, 31, 29, 61, 84, 78, 79, 46, 42, 99, 4, 59, 71, 14, 76, 12, 25, 86, 26, 95, 41, 1, 66, 89, 13, 85, 23, 80, 82, 10, 22, 3, 2, 96, 64, 52, 68, 11, 81, 77, 21, 90, 28, 50, 35, 62, 44, 43, 47, 37, 48, 75, 16, 39, 74, 8, 51, 20, 33, 83, 36, 32, 19, 55, 60]
Tamanho do vetor: 100

Tempo inicial: 2017-04-26T19:59:21.873Z
Tempo final: 2017-04-26T19:59:21.873Z
Tempo total: 0

ORDENADO: [0, 1, 2, 3, 4, 5, 6, 7, 8, 9, 10, 11, 12, 13, 14, 15, 16, 17, 18, 19, 20, 21, 22, 23, 24, 25, 26, 27, 28, 29, 30, 31, 32, 33, 34, 35, 36, 37, 38, 39, 40, 41, 42, 43, 44, 45, 46, 47, 48, 49, 50, 51, 52, 53, 54, 55, 56, 57, 58, 59, 60, 61, 62, 63, 64, 65, 66, 67, 68, 69, 70, 71, 72, 73, 74, 75, 76, 77, 78, 79, 80, 81, 82, 83, 84, 85, 86, 87, 88, 89, 90, 91, 92, 93, 94, 95, 96, 97, 98, 99]

------------- 
SELECTION_SORT
Vetor utilizado: [43, 86, 6, 47, 61, 13, 24, 41, 23, 59, 3, 80, 65, 79, 27, 32, 37, 17, 14, 69, 33, 9, 60, 94, 5, 82, 76, 46, 39, 72, 95, 91, 92, 8, 74, 97, 87, 10, 44, 54, 70, 26, 25, 93, 45, 15, 83, 85, 21, 57, 4, 19, 52, 51, 98, 30, 20, 0, 29, 96, 1, 49, 84, 62, 56, 22, 11, 81, 89, 12, 16, 71, 2, 36, 53, 99, 28, 35, 48, 68, 90, 40, 66, 88, 18, 75, 55, 64, 50, 58, 63, 78, 7, 42, 67, 31, 77, 73, 38, 34]
Tamanho do vetor: 100

Tempo inicial: 2017-04-26T19:59:21.873Z
Tempo final: 2017-04-26T19:59:21.873Z
Tempo total: 0

ORDENADO: [0, 1, 2, 3, 4, 5, 6, 7, 8, 9, 10, 11, 12, 13, 14, 15, 16, 17, 18, 19, 20, 21, 22, 23, 24, 25, 26, 27, 28, 29, 30, 31, 32, 33, 34, 35, 36, 37, 38, 39, 40, 41, 42, 43, 44, 45, 46, 47, 48, 49, 50, 51, 52, 53, 54, 55, 56, 57, 58, 59, 60, 61, 62, 63, 64, 65, 66, 67, 68, 69, 70, 71, 72, 73, 74, 75, 76, 77, 78, 79, 80, 81, 82, 83, 84, 85, 86, 87, 88, 89, 90, 91, 92, 93, 94, 95, 96, 97, 98, 99]

------------- 
SELECTION_SORT
Vetor utilizado: [19, 57, 68, 40, 77, 37, 44, 42, 94, 53, 18, 62, 86, 63, 66, 35, 88, 96, 52, 1, 48, 70, 92, 73, 0, 47, 28, 17, 22, 8, 7, 95, 30, 93, 26, 36, 84, 43, 60, 14, 21, 83, 75, 25, 81, 61, 4, 65, 3, 58, 13, 76, 89, 27, 67, 2, 20, 59, 50, 69, 41, 46, 11, 80, 5, 24, 82, 34, 54, 97, 9, 64, 72, 39, 91, 31, 71, 33, 90, 45, 99, 55, 98, 79, 51, 74, 32, 78, 38, 23, 15, 29, 85, 10, 49, 87, 56, 16, 6, 12]
Tamanho do vetor: 100

Tempo inicial: 2017-04-26T19:59:21.874Z
Tempo final: 2017-04-26T19:59:21.874Z
Tempo total: 0

ORDENADO: [0, 1, 2, 3, 4, 5, 6, 7, 8, 9, 10, 11, 12, 13, 14, 15, 16, 17, 18, 19, 20, 21, 22, 23, 24, 25, 26, 27, 28, 29, 30, 31, 32, 33, 34, 35, 36, 37, 38, 39, 40, 41, 42, 43, 44, 45, 46, 47, 48, 49, 50, 51, 52, 53, 54, 55, 56, 57, 58, 59, 60, 61, 62, 63, 64, 65, 66, 67, 68, 69, 70, 71, 72, 73, 74, 75, 76, 77, 78, 79, 80, 81, 82, 83, 84, 85, 86, 87, 88, 89, 90, 91, 92, 93, 94, 95, 96, 97, 98, 99]

Media de tempo: 8.7