------------- 
SHELL_SORT
Vetor utilizado: [14, 0, 26, 51, 81, 31, 57, 54, 87, 18, 64, 39, 67, 10, 86, 65, 58, 20, 47, 37, 6, 69, 17, 60, 73, 45, 19, 11, 68, 35, 91, 2, 30, 77, 25, 62, 27, 36, 83, 93, 90, 97, 74, 42, 1, 98, 56, 66, 38, 99, 4, 78, 3, 63, 41, 5, 33, 46, 12, 44, 72, 43, 85, 32, 13, 16, 23, 28, 49, 88, 8, 95, 84, 40, 48, 75, 15, 22, 96, 70, 21, 61, 59, 34, 29, 71, 89, 80, 50, 9, 24, 52, 82, 92, 79, 94, 7, 55, 76, 53]
Tamanho do vetor: 100

Tempo inicial: 2017-04-26T19:59:21.705Z
Tempo final: 2017-04-26T19:59:21.778Z
Tempo total: 73

ORDENADO: [0, 1, 2, 3, 4, 5, 6, 7, 8, 9, 10, 11, 12, 13, 14, 15, 16, 17, 18, 19, 20, 21, 22, 23, 24, 25, 26, 27, 28, 29, 30, 31, 32, 33, 34, 35, 36, 37, 38, 39, 40, 41, 42, 43, 44, 45, 46, 47, 48, 49, 50, 51, 52, 53, 54, 55, 56, 57, 58, 59, 60, 61, 62, 63, 64, 65, 66, 67, 68, 69, 70, 71, 72, 73, 74, 75, 76, 77, 78, 79, 80, 81, 82, 83, 84, 85, 86, 87, 88, 89, 90, 91, 92, 93, 94, 95, 96, 97, 98, 99]

------------- 
SHELL_SORT
Vetor utilizado: [61, 26, 56, 81, 98, 50, 82, 39, 47, 63, 84, 0, 40, 38, 44, 86, 33, 8, 52, 83, 49, 78, 95, 59, 53, 79, 14, 29, 35, 4, 70, 54, 15, 51, 85, 62, 66, 75, 22, 46, 28, 3, 7, 89, 91, 88, 97, 11, 23, 68, 31, 34, 12, 77, 2, 37, 43, 25, 67, 80, 57, 36, 76, 41, 92, 21, 10, 93, 94, 30, 87, 69, 24, 13, 19, 73, 71, 5, 9, 55, 90, 45, 58, 99, 74, 27, 32, 42, 60, 18, 1, 17, 64, 72, 65, 20, 16, 6, 96, 48]
Tamanho do vetor: 100

Tempo inicial: 2017-04-26T19:59:21.831Z
Tempo final: 2017-04-26T19:59:21.832Z
Tempo total: 1

ORDENADO: [0, 1, 2, 3, 4, 5, 6, 7, 8, 9, 10, 11, 12, 13, 14, 15, 16, 17, 18, 19, 20, 21, 22, 23, 24, 25, 26, 27, 28, 29, 30, 31, 32, 33, 34, 35, 36, 37, 38, 39, 40, 41, 42, 43, 44, 45, 46, 47, 48, 49, 50, 51, 52, 53, 54, 55, 56, 57, 58, 59, 60, 61, 62, 63, 64, 65, 66, 67, 68, 69, 70, 71, 72, 73, 74, 75, 76, 77, 78, 79, 80, 81, 82, 83, 84, 85, 86, 87, 88, 89, 90, 91, 92, 93, 94, 95, 96, 97, 98, 99]

------------- 
SHELL_SORT
Vetor utilizado: [51, 88, 31, 37, 44, 52, 95, 57, 72, 92, 11, 34, 48, 75, 45, 13, 89, 85, 38, 29, 91, 78, 41, 19, 17, 97, 7, 61, 84, 81, 15, 58, 12, 69, 76, 94, 86, 27, 4, 66, 68, 96, 63, 73, 20, 3, 42, 56, 18, 65, 71, 25, 46, 43, 60, 36, 5, 22, 39, 14, 93, 98, 54, 10, 59, 82, 50, 80, 2, 77, 87, 62, 64, 8, 23, 49, 40, 74, 90, 83, 6, 9, 79, 16, 21, 99, 28, 55, 1, 33, 35, 70, 32, 24, 30, 26, 47, 53, 0, 67]
Tamanho do vetor: 100

Tempo inicial: 2017-04-26T19:59:21.833Z
Tempo final: 2017-04-26T19:59:21.834Z
Tempo total: 1

ORDENADO: [0, 1, 2, 3, 4, 5, 6, 7, 8, 9, 10, 11, 12, 13, 14, 15, 16, 17, 18, 19, 20, 21, 22, 23, 24, 25, 26, 27, 28, 29, 30, 31, 32, 33, 34, 35, 36, 37, 38, 39, 40, 41, 42, 43, 44, 45, 46, 47, 48, 49, 50, 51, 52, 53, 54, 55, 56, 57, 58, 59, 60, 61, 62, 63, 64, 65, 66, 67, 68, 69, 70, 71, 72, 73, 74, 75, 76, 77, 78, 79, 80, 81, 82, 83, 84, 85, 86, 87, 88, 89, 90, 91, 92, 93, 94, 95, 96, 97, 98, 99]

------------- 
SHELL_SORT
Vetor utilizado: [85, 15, 89, 10, 44, 14, 7, 18, 22, 63, 68, 35, 27, 46, 41, 78, 91, 64, 0, 31, 77, 43, 13, 1, 65, 80, 21, 76, 61, 3, 12, 39, 86, 52, 48, 70, 5, 71, 99, 50, 59, 83, 74, 87, 34, 67, 96, 23, 38, 51, 95, 81, 56, 62, 24, 73, 69, 36, 90, 26, 17, 88, 16, 47, 28, 9, 79, 98, 97, 54, 92, 94, 20, 58, 42, 25, 37, 11, 60, 19, 75, 8, 49, 55, 2, 29, 33, 93, 84, 40, 30, 6, 4, 53, 57, 82, 32, 72, 66, 45]
Tamanho do vetor: 100

Tempo inicial: 2017-04-26T19:59:21.835Z
Tempo final: 2017-04-26T19:59:21.836Z
Tempo total: 1

ORDENADO: [0, 1, 2, 3, 4, 5, 6, 7, 8, 9, 10, 11, 12, 13, 14, 15, 16, 17, 18, 19, 20, 21, 22, 23, 24, 25, 26, 27, 28, 29, 30, 31, 32, 33, 34, 35, 36, 37, 38, 39, 40, 41, 42, 43, 44, 45, 46, 47, 48, 49, 50, 51, 52, 53, 54, 55, 56, 57, 58, 59, 60, 61, 62, 63, 64, 65, 66, 67, 68, 69, 70, 71, 72, 73, 74, 75, 76, 77, 78, 79, 80, 81, 82, 83, 84, 85, 86, 87, 88, 89, 90, 91, 92, 93, 94, 95, 96, 97, 98, 99]

------------- 
SHELL_SORT
Vetor utilizado: [73, 33, 9, 13, 93, 24, 49, 2, 51, 29, 99, 36, 71, 42, 45, 35, 28, 67, 34, 59, 69, 41, 63, 23, 66, 21, 61, 25, 70, 75, 3, 82, 87, 52, 5, 16, 90, 40, 39, 77, 15, 6, 30, 81, 65, 12, 20, 58, 95, 55, 94, 60, 26, 56, 8, 27, 80, 10, 43, 84, 32, 64, 0, 54, 78, 97, 91, 31, 57, 1, 86, 44, 79, 22, 11, 92, 83, 89, 72, 18, 47, 46, 14, 74, 38, 50, 4, 98, 37, 76, 85, 7, 88, 53, 62, 68, 96, 17, 48, 19]
Tamanho do vetor: 100

Tempo inicial: 2017-04-26T19:59:21.837Z
Tempo final: 2017-04-26T19:59:21.838Z
Tempo total: 1

ORDENADO: [0, 1, 2, 3, 4, 5, 6, 7, 8, 9, 10, 11, 12, 13, 14, 15, 16, 17, 18, 19, 20, 21, 22, 23, 24, 25, 26, 27, 28, 29, 30, 31, 32, 33, 34, 35, 36, 37, 38, 39, 40, 41, 42, 43, 44, 45, 46, 47, 48, 49, 50, 51, 52, 53, 54, 55, 56, 57, 58, 59, 60, 61, 62, 63, 64, 65, 66, 67, 68, 69, 70, 71, 72, 73, 74, 75, 76, 77, 78, 79, 80, 81, 82, 83, 84, 85, 86, 87, 88, 89, 90, 91, 92, 93, 94, 95, 96, 97, 98, 99]

------------- 
SHELL_SORT
Vetor utilizado: [19, 88, 26, 22, 33, 3, 51, 99, 37, 47, 12, 0, 40, 86, 91, 49, 20, 81, 73, 39, 6, 7, 9, 67, 90, 29, 75, 15, 34, 48, 58, 25, 71, 17, 64, 35, 78, 55, 16, 32, 27, 46, 77, 80, 36, 31, 69, 92, 96, 4, 98, 65, 21, 59, 50, 14, 62, 1, 2, 70, 44, 82, 10, 23, 66, 38, 72, 95, 74, 60, 84, 13, 30, 54, 45, 41, 94, 79, 56, 5, 24, 83, 8, 63, 97, 93, 43, 61, 68, 52, 85, 28, 11, 53, 89, 87, 18, 42, 76, 57]
Tamanho do vetor: 100

Tempo inicial: 2017-04-26T19:59:21.839Z
Tempo final: 2017-04-26T19:59:21.840Z
Tempo total: 1

ORDENADO: [0, 1, 2, 3, 4, 5, 6, 7, 8, 9, 10, 11, 12, 13, 14, 15, 16, 17, 18, 19, 20, 21, 22, 23, 24, 25, 26, 27, 28, 29, 30, 31, 32, 33, 34, 35, 36, 37, 38, 39, 40, 41, 42, 43, 44, 45, 46, 47, 48, 49, 50, 51, 52, 53, 54, 55, 56, 57, 58, 59, 60, 61, 62, 63, 64, 65, 66, 67, 68, 69, 70, 71, 72, 73, 74, 75, 76, 77, 78, 79, 80, 81, 82, 83, 84, 85, 86, 87, 88, 89, 90, 91, 92, 93, 94, 95, 96, 97, 98, 99]

------------- 
SHELL_SORT
Vetor utilizado: [18, 4, 2, 32, 24, 88, 53, 83, 78, 66, 26, 85, 95, 10, 29, 35, 60, 80, 46, 86, 25, 22, 57, 40, 44, 73, 27, 3, 87, 43, 28, 75, 37, 64, 51, 58, 96, 21, 65, 20, 63, 49, 94, 76, 93, 92, 72, 47, 52, 62, 69, 38, 19, 16, 13, 91, 97, 71, 90, 8, 67, 30, 41, 7, 17, 56, 82, 84, 11, 59, 70, 79, 5, 6, 14, 68, 74, 15, 12, 1, 77, 89, 98, 99, 50, 9, 48, 0, 54, 33, 45, 23, 39, 36, 31, 81, 34, 55, 42, 61]
Tamanho do vetor: 100

Tempo inicial: 2017-04-26T19:59:21.841Z
Tempo final: 2017-04-26T19:59:21.841Z
Tempo total: 0

ORDENADO: [0, 1, 2, 3, 4, 5, 6, 7, 8, 9, 10, 11, 12, 13, 14, 15, 16, 17, 18, 19, 20, 21, 22, 23, 24, 25, 26, 27, 28, 29, 30, 31, 32, 33, 34, 35, 36, 37, 38, 39, 40, 41, 42, 43, 44, 45, 46, 47, 48, 49, 50, 51, 52, 53, 54, 55, 56, 57, 58, 59, 60, 61, 62, 63, 64, 65, 66, 67, 68, 69, 70, 71, 72, 73, 74, 75, 76, 77, 78, 79, 80, 81, 82, 83, 84, 85, 86, 87, 88, 89, 90, 91, 92, 93, 94, 95, 96, 97, 98, 99]

------------- 
SHELL_SORT
Vetor utilizado: [97, 99, 16, 3, 27, 81, 68, 18, 24, 10, 7, 64, 6, 37, 5, 85, 23, 86, 8, 21, 39, 62, 13, 15, 67, 92, 87, 80, 34, 29, 78, 17, 53, 73, 0, 56, 93, 98, 33, 32, 94, 54, 38, 75, 89, 43, 1, 91, 12, 57, 48, 55, 4, 28, 25, 82, 83, 84, 52, 71, 65, 70, 22, 96, 88, 69, 42, 66, 31, 26, 35, 41, 61, 2, 19, 90, 46, 74, 58, 40, 45, 44, 63, 77, 30, 20, 76, 51, 72, 60, 14, 11, 49, 9, 95, 79, 47, 59, 36, 50]
Tamanho do vetor: 100

Tempo inicial: 2017-04-26T19:59:21.842Z
Tempo final: 2017-04-26T19:59:21.842Z
Tempo total: 0

ORDENADO: [0, 1, 2, 3, 4, 5, 6, 7, 8, 9, 10, 11, 12, 13, 14, 15, 16, 17, 18, 19, 20, 21, 22, 23, 24, 25, 26, 27, 28, 29, 30, 31, 32, 33, 34, 35, 36, 37, 38, 39, 40, 41, 42, 43, 44, 45, 46, 47, 48, 49, 50, 51, 52, 53, 54, 55, 56, 57, 58, 59, 60, 61, 62, 63, 64, 65, 66, 67, 68, 69, 70, 71, 72, 73, 74, 75, 76, 77, 78, 79, 80, 81, 82, 83, 84, 85, 86, 87, 88, 89, 90, 91, 92, 93, 94, 95, 96, 97, 98, 99]

------------- 
SHELL_SORT
Vetor utilizado: [49, 19, 84, 3, 68, 74, 18, 25, 69, 80, 16, 15, 60, 73, 43, 35, 98, 21, 85, 88, 29, 90, 27, 58, 28, 92, 63, 12, 71, 94, 42, 11, 44, 59, 37, 36, 5, 32, 96, 48, 64, 95, 53, 55, 62, 56, 47, 52, 76, 41, 78, 31, 99, 7, 34, 10, 0, 87, 79, 38, 17, 39, 14, 51, 77, 2, 23, 89, 83, 8, 86, 66, 9, 91, 72, 97, 70, 4, 54, 13, 50, 46, 65, 40, 67, 57, 61, 81, 20, 93, 22, 6, 30, 1, 33, 75, 24, 82, 26, 45]
Tamanho do vetor: 100

Tempo inicial: 2017-04-26T19:59:21.844Z
Tempo final: 2017-04-26T19:59:21.844Z
Tempo total: 0

ORDENADO: [0, 1, 2, 3, 4, 5, 6, 7, 8, 9, 10, 11, 12, 13, 14, 15, 16, 17, 18, 19, 20, 21, 22, 23, 24, 25, 26, 27, 28, 29, 30, 31, 32, 33, 34, 35, 36, 37, 38, 39, 40, 41, 42, 43, 44, 45, 46, 47, 48, 49, 50, 51, 52, 53, 54, 55, 56, 57, 58, 59, 60, 61, 62, 63, 64, 65, 66, 67, 68, 69, 70, 71, 72, 73, 74, 75, 76, 77, 78, 79, 80, 81, 82, 83, 84, 85, 86, 87, 88, 89, 90, 91, 92, 93, 94, 95, 96, 97, 98, 99]

------------- 
SHELL_SORT
Vetor utilizado: [27, 2, 23, 69, 96, 71, 1, 73, 44, 94, 8, 55, 95, 84, 5, 51, 80, 53, 62, 33, 6, 42, 16, 65, 36, 74, 93, 70, 7, 25, 85, 60, 29, 21, 13, 34, 88, 68, 19, 38, 52, 89, 90, 9, 81, 58, 31, 12, 57, 24, 18, 63, 41, 45, 66, 46, 78, 14, 32, 30, 50, 0, 37, 59, 61, 47, 83, 40, 15, 97, 77, 99, 39, 67, 86, 54, 49, 56, 26, 28, 75, 22, 82, 11, 20, 76, 35, 17, 91, 10, 4, 64, 92, 48, 3, 87, 79, 98, 43, 72]
Tamanho do vetor: 100

Tempo inicial: 2017-04-26T19:59:21.845Z
Tempo final: 2017-04-26T19:59:21.845Z
Tempo total: 0

ORDENADO: [0, 1, 2, 3, 4, 5, 6, 7, 8, 9, 10, 11, 12, 13, 14, 15, 16, 17, 18, 19, 20, 21, 22, 23, 24, 25, 26, 27, 28, 29, 30, 31, 32, 33, 34, 35, 36, 37, 38, 39, 40, 41, 42, 43, 44, 45, 46, 47, 48, 49, 50, 51, 52, 53, 54, 55, 56, 57, 58, 59, 60, 61, 62, 63, 64, 65, 66, 67, 68, 69, 70, 71, 72, 73, 74, 75, 76, 77, 78, 79, 80, 81, 82, 83, 84, 85, 86, 87, 88, 89, 90, 91, 92, 93, 94, 95, 96, 97, 98, 99]

Media de tempo: 7.8